0 0.181625 0.595833 0.035250 0.029000
0 0.878125 0.603333 0.032250 0.027333
0 0.748750 0.601333 0.020500 0.024000
0 0.010625 0.747833 0.018750 0.037000
0 0.106875 0.552833 0.021750 0.022333
0 0.717125 0.739833 0.029250 0.027667
0 0.796875 0.885167 0.046750 0.041667
0 0.873125 0.917000 0.038250 0.023333
0 0.104250 0.419833 0.023500 0.019000
0 0.330625 0.400833 0.021250 0.013000
0 0.463625 0.417667 0.024250 0.013333
0 0.358875 0.604333 0.027750 0.024000
0 0.929000 0.539833 0.025500 0.020333
0 0.355250 0.388000 0.018000 0.016000
0 0.065500 0.412667 0.023500 0.015333
0 0.225500 0.398333 0.017000 0.012000
