0 0.715375 0.353167 0.016250 0.009000
0 0.751750 0.415667 0.017500 0.009333
0 0.750375 0.404500 0.013250 0.006333
0 0.738500 0.390167 0.009000 0.006333
0 0.723875 0.588000 0.047250 0.033333
0 0.699500 0.660667 0.025500 0.024000
0 0.746375 0.377667 0.012750 0.008000
0 0.769250 0.376000 0.010500 0.007333
0 0.836375 0.485000 0.014250 0.007333
0 0.904500 0.506167 0.021000 0.014333
0 0.860875 0.463667 0.019250 0.008667
0 0.818000 0.446167 0.015500 0.008333
0 0.830625 0.443500 0.016750 0.010333
0 0.813500 0.440167 0.016000 0.009667
0 0.869750 0.490167 0.037500 0.018333
0 0.856125 0.499167 0.023250 0.018333
0 0.890375 0.513167 0.031250 0.015667
0 0.925125 0.776833 0.029750 0.025000
0 0.818250 0.461500 0.011500 0.007000
0 0.767875 0.416167 0.016250 0.019667
0 0.925375 0.507000 0.028250 0.017333
0 0.779375 0.310000 0.011250 0.006667
0 0.292875 0.515000 0.022250 0.016667
0 0.334875 0.556500 0.024750 0.020333
0 0.473500 0.397833 0.019000 0.013000
0 0.651000 0.319333 0.009000 0.004000
0 0.631750 0.318167 0.007500 0.004333
0 0.770750 0.394667 0.012000 0.006667
0 0.657000 0.370500 0.007000 0.005667
0 0.636500 0.304167 0.009000 0.004333
0 0.728000 0.366000 0.011500 0.009333
0 0.678625 0.341500 0.011250 0.005000
0 0.688875 0.341500 0.010750 0.006333
0 0.716500 0.377167 0.016000 0.007000
0 0.715750 0.366000 0.015500 0.009333
0 0.612000 0.592667 0.022000 0.023333
0 0.719500 0.328167 0.014000 0.007667
0 0.734375 0.374000 0.010250 0.007333
