0 0.386125 0.736167 0.022250 0.026333
0 0.412750 0.644333 0.034000 0.033333
0 0.314500 0.523000 0.014500 0.017333
0 0.100625 0.717833 0.054250 0.047000
0 0.668500 0.883167 0.029500 0.034333
0 0.347500 0.775833 0.025500 0.035667
0 0.052750 0.559667 0.033500 0.025333
0 0.077375 0.529333 0.042250 0.029333
0 0.459000 0.439833 0.019500 0.012333
0 0.043875 0.807000 0.033750 0.034667
0 0.908000 0.595333 0.032500 0.031333
0 0.128250 0.324833 0.022000 0.011667
0 0.566750 0.506333 0.018500 0.016000
0 0.597000 0.532500 0.028000 0.016333
0 0.597625 0.660667 0.056750 0.042000
0 0.560250 0.818833 0.028500 0.040333
0 0.478875 0.411833 0.035250 0.015000
0 0.598875 0.440667 0.023250 0.020667
